{
            "ac:23:3f:a2:16:59": 5.157209398687365,
            "ac:23:3f:a2:16:93": 9.767740708719,
            "ac:23:3f:a2:16:c2": 5.02311424097039,
"ac:23:3f:a2:16:c0": 11.766459361931798
        }